2AR.000	2	0	0	19491	0	0.035
2ARG015	1	0	0	456	0	0.035
2ARS961	1	17	0	20383	0	0.035
0A..000	2	19	62	11774	0	0.035
0A..000	2	19	63	81127	0	0.035
0A..000	1	19	64	28080	0	0.035
0A..000	2	19	64	37123	0	0.035
0A..000	1	19	65	380103	0	0.035
0A..000	2	19	65	57319	0	0.035
0A..000	2	20	62	133701	0	0.035
0A..000	2	20	63	396736	0	0.035
0A..000	1	20	64	57330	0	0.035
0A..000	2	20	64	180135	0	0.035
0A..000	1	20	65	1329138	0	0.035
0A..000	2	20	65	151975	0	0.035
1G..000	1	20	65	1020	0	0.035
2A..000	2	20	62	12418	2462.9	0.035
2ARS961	2	20	0	20383	0	0.035
0A..000	2	21	62	449565	0	0.035
0A..000	2	21	63	539949	0	0.035
0A..000	1	21	64	122772	0	0.035
0A..000	2	21	64	283773	0	0.035
0A..000	1	21	65	2398322	0	0.035
0A..000	2	21	65	199277	0	0.035
1G..000	1	21	65	57274	686.5	0.035
1G..000	2	21	65	4050	0	0.035
2A..000	2	21	62	10702	2182	0.035
2A..000	1	21	65	12418	1706.2	0.035
0A..000	2	22	62	412232	0	0.035
0A..000	2	22	63	891101	0	0.035
0A..000	1	22	64	120666	0	0.035
0A..000	2	22	64	300589	0	0.035
0A..000	1	22	65	3955680	0	0.035
0A..000	2	22	65	178232	0	0.035
1G..000	2	22	62	11759	0	0.035
1G..000	1	22	65	24068	0	0.035
1G..000	2	22	65	5701	0	0.035
2A..000	1	22	64	18446	2743.9	0.035
2A..000	1	22	65	50018	7185.6	0.035
0A..000	2	23	62	876081	0	0.035
0A..000	2	23	63	1295023	0	0.035
0A..000	1	23	64	251316	0	0.035
0A..000	2	23	64	283874	0	0.035
0A..000	1	23	65	4733157	0	0.035
0A..000	2	23	65	272794	0	0.035
1G..000	2	23	62	39967	0	0.035
1G..000	1	23	65	72706	0	0.035
1G..000	2	23	65	21777	0	0.035
2A..000	2	23	61	19647	4393	0.035
2A..000	2	23	62	51174	11173.6	0.035
2ARS961	1	23	0	447	0	0.035
0A..000	2	24	62	1632485	0	0.035
0A..000	2	24	63	1804506	0	0.035
0A..000	1	24	64	401661	0	0.035
0A..000	2	24	64	338269	0	0.035
0A..000	1	24	65	6162919	0	0.035
0A..000	2	24	65	348528	0	0.035
1G..000	2	24	62	169233	1570.8	0.035
1G..000	1	24	65	316635	3121.3	0.035
1G..000	2	24	65	68954	0	0.035
2A..000	2	24	62	30858	6898.6	0.035
2A..000	1	24	65	12729	1873.9	0.035
0A..000	2	25	62	2049626	0	0.035
0A..000	2	25	63	1942697	0	0.035
0A..000	1	25	64	381654	0	0.035
0A..000	2	25	64	419586	0	0.035
0A..000	1	25	65	7184396	0	0.035
0A..000	2	25	65	410695	0	0.035
1G..000	2	25	62	492864	4959.4	0.035
1G..000	1	25	65	236660	0	0.035
1G..000	2	25	65	70730	0	0.035
2A..000	2	25	62	70492	16481.4	0.035
2A..000	1	25	64	19647	3051.8	0.035
0A..000	2	26	62	2190105	0	0.035
0A..000	2	26	63	2370583	0	0.035
0A..000	1	26	64	320869	0	0.035
0A..000	2	26	64	423002	0	0.035
0A..000	1	26	65	7769886	0	0.035
0A..000	2	26	65	412796	0	0.035
1G..000	2	26	62	154881	0	0.035
1G..000	1	26	65	246692	0	0.035
1G..000	2	26	65	187689	0	0.035
2A..000	1	26	62	40213	7775.1	0.035
2A..000	2	26	62	220255	55389.6	0.035
2A..000	1	26	64	54293	9632.3	0.035
2A..000	1	26	65	476739	81181.6	0.035
0A..000	2	27	62	2673050	0	0.035
0A..000	2	27	63	2482349	0	0.035
0A..000	1	27	64	345042	0	0.035
0A..000	2	27	64	538188	0	0.035
0A..000	1	27	65	8768326	0	0.035
0A..000	2	27	65	555446	0	0.035
1G..000	2	27	62	582473	3139.2	0.035
1G..000	1	27	65	981078	6876.7	0.035
1G..000	2	27	65	327798	0	0.035
2A..000	2	27	62	304821	79124.1	0.035
2A..000	1	27	64	19647	3474.8	0.035
2A..000	1	27	65	530762	91781.8	0.035
0A..000	2	28	62	2994842	0	0.035
0A..000	2	28	63	2612220	0	0.035
0A..000	1	28	64	694395	0	0.035
0A..000	2	28	64	610346	0	0.035
0A..000	1	28	65	9065438	0	0.035
0A..000	2	28	65	691346	0	0.035
1G..000	2	28	62	2045920	24338.7	0.035
1G..000	2	28	63	26017	0	0.035
1G..000	1	28	65	2040831	13370	0.035
1G..000	2	28	65	888644	0	0.035
2A..000	2	28	61	11841	2965.7	0.035
2A..000	2	28	62	346629	94723.4	0.035
2A..000	1	28	65	406658	72448.8	0.035
0A..000	2	29	62	2926423	0	0.035
0A..000	2	29	63	2526672	0	0.035
0A..000	1	29	64	622629	0	0.035
0A..000	2	29	64	746984	0	0.035
0A..000	1	29	65	10219305	0	0.035
0A..000	2	29	65	488446	0	0.035
1G..000	2	29	62	2536073	20469.5	0.035
1G..000	2	29	63	34431	99.5	0.035
1G..000	2	29	64	18841	0	0.035
1G..000	1	29	65	2917879	10159	0.035
1G..000	2	29	65	1300625	0	0.035
1G..000	1	29	68	36726	0	0.035
2A..000	2	29	62	362459	98306.4	0.035
2A..000	1	29	64	23251	4270.2	0.035
2A..000	1	29	65	785433	148181.6	0.035
0A..000	2	30	62	2321656	0	0.035
0A..000	2	30	63	2932431	0	0.035
0A..000	1	30	64	681501	0	0.035
0A..000	2	30	64	614275	0	0.035
0A..000	1	30	65	11633521	0	0.035
0A..000	2	30	65	796446	0	0.035
1G..000	2	30	57	4387	0	0.035
1G..000	2	30	62	5371084	28669	0.035
1G..000	2	30	63	41708	0	0.035
1G..000	1	30	65	5622079	19614.7	0.035
1G..000	2	30	65	2263141	0	0.035
2A..000	2	30	62	582191	165233	0.035
2A..000	1	30	65	1215781	234409.7	0.035
0A..000	2	31	62	3138077	0	0.035
0A..000	2	31	63	2509597	0	0.035
0A..000	1	31	64	1113015	0	0.035
0A..000	2	31	64	273285	0	0.035
0A..000	1	31	65	12433901	0	0.035
0A..000	2	31	65	695339	0	0.035
1G..000	2	31	62	6258202	11860.3	0.035
1G..000	2	31	63	73489	609	0.035
1G..000	2	31	64	66527	0	0.035
1G..000	1	31	65	7628505	14077.6	0.035
1G..000	2	31	65	2993174	0	0.035
2A..000	2	31	62	706439	204233.2	0.035
2A..000	1	31	65	1039996	202156.5	0.035
0A..000	2	32	62	2298185	0	0.035
0A..000	2	32	63	3065249	0	0.035
0A..000	1	32	64	724539	0	0.035
0A..000	2	32	64	488197	0	0.035
0A..000	1	32	65	13586555	0	0.035
0A..000	2	32	65	685884	0	0.035
1G..000	2	32	62	11227563	14814.1	0.035
1G..000	2	32	63	131286	201.6	0.035
1G..000	2	32	64	127868	0	0.035
1G..000	1	32	65	13572420	74746.9	0.035
1G..000	2	32	65	4167671	0	0.035
2A..000	2	32	62	649684	194813.1	0.035
2A..000	1	32	64	16536	3886.2	0.035
2A..000	1	32	65	1010676	206937.7	0.035
0A..000	2	33	62	1981114	0	0.035
0A..000	2	33	63	2754546	0	0.035
0A..000	1	33	64	1256264	0	0.035
0A..000	2	33	64	385462	0	0.035
0A..000	1	33	65	14001049	0	0.035
0A..000	2	33	65	836651	0	0.035
1G..000	1	33	62	3782	0	0.035
1G..000	2	33	62	15418482	15858.2	0.035
1G..000	2	33	63	112903	0	0.035
1G..000	1	33	65	16346815	55239.9	0.035
1G..000	2	33	65	6056800	0	0.035
2A..000	2	33	62	519610	168045.7	0.035
2A..000	1	33	65	1481788	300917.2	0.035
0A..000	2	34	62	1913475	0	0.035
0A..000	2	34	63	3259439	0	0.035
0A..000	1	34	64	664728	0	0.035
0A..000	2	34	64	935615	0	0.035
0A..000	1	34	65	14639926	0	0.035
0A..000	2	34	65	723855	0	0.035
1G..000	1	34	60	473136	11055.3	0.035
1G..000	1	34	62	18592	0	0.035
1G..000	2	34	62	24018653	44177.6	0.035
1G..000	2	34	63	89791	0	0.035
1G..000	2	34	64	88572	0	0.035
1G..000	1	34	65	21328676	93266.6	0.035
1G..000	2	34	65	6889455	0	0.035
2A..000	2	34	62	851478	263644.9	0.035
2A..000	1	34	65	1446796	310535.4	0.035
2A..000+2T.W000	2	34	65	36000	0	0.035
0A..000	2	35	62	2039583	0	0.035
0A..000	2	35	63	2693542	0	0.035
0A..000	1	35	64	1169879	0	0.035
0A..000	2	35	64	673679	0	0.035
0A..000	1	35	65	17657288	0	0.035
0A..000	2	35	65	798635	0	0.035
1G..000	2	35	60	132436	0	0.035
1G..000	2	35	62	31427918	42800.8	0.035
1G..000	2	35	63	32563	0	0.035
1G..000	2	35	64	170519	0	0.035
1G..000	1	35	65	26275396	96442.2	0.035
1G..000	2	35	65	8713724	0	0.035
2A..000	2	35	62	450858	135241.8	0.035
2A..000	1	35	65	1936357	417639.9	0.035
2ARS961	2	35	62	1942	0	0.035
0A..000	2	36	62	1778250	0	0.035
0A..000	2	36	63	2769199	0	0.035
0A..000	1	36	64	1715021	0	0.035
0A..000	2	36	64	435532	0	0.035
0A..000	1	36	65	18510419	0	0.035
0A..000	2	36	65	1161177	0	0.035
1G..000	1	36	60	291170	8686.7	0.035
1G..000	2	36	62	37529164	29976.1	0.035
1G..000	2	36	63	152090	0	0.035
1G..000	2	36	64	21062	0	0.035
1G..000	1	36	65	35196312	154563.1	0.035
1G..000	2	36	65	8108946	0	0.035
2A..000	2	36	62	503620	179130.4	0.035
2A..000	2	36	63	40008	11202.9	0.035
2A..000	1	36	65	1654173	357529.1	0.035
2A..000+2T.W000	2	36	62	3561	0	0.035
0A..000	2	37	62	1787382	0	0.035
0A..000	2	37	63	3033643	0	0.035
0A..000	1	37	64	1107158	0	0.035
0A..000	2	37	64	479870	0	0.035
0A..000	1	37	65	18204691	0	0.035
0A..000	2	37	65	1017288	0	0.035
1G..000	1	37	60	556118	18291.9	0.035
1G..000	2	37	60	1628	0	0.035
1G..000	1	37	62	815376	16001.3	0.035
1G..000	2	37	62	39838428	39460.2	0.035
1G..000	2	37	63	236397	2356.5	0.035
1G..000	2	37	64	181984	0	0.035
1G..000	2	37	65	3839	0	0.035
1G..000	1	37	65	35398834	77963.4	0.035
1G..000	2	37	65	8430992	0	0.035
2A..000	2	37	61	23050	9079.8	0.035
2A..000	2	37	62	697689	262514.1	0.035
2A..000	1	37	65	1413856	331345	0.035
2A..000	2	37	65	11115	2392.6	0.035
2A.G020	1	37	65	359	0	0.035
2AR.000	2	37	0	4946	0	0.035
0A..000	2	38	62	1845155	0	0.035
0A..000	2	38	63	2654410	0	0.035
0A..000	1	38	64	1418501	0	0.035
0A..000	2	38	64	619641	0	0.035
0A..000	1	38	65	21226267	0	0.035
0A..000	2	38	65	407175	0	0.035
1G..000	1	38	60	0	0	0.035
1G..000	2	38	62	42974958	32518.6	0.035
1G..000	2	38	63	257116	0	0.035
1G..000	2	38	64	232533	0	0.035
1G..000	1	38	65	41758561	162210.6	0.035
1G..000	2	38	65	7372597	0	0.035
2A..000	1	38	62	37402	14612.2	0.035
2A..000	2	38	62	715560	258287.7	0.035
2A..000	1	38	63	27159	7238.1	0.035
2A..000	1	38	64	63536	12244.7	0.035
2A..000	1	38	65	1589805	376842.9	0.035
2A..000	2	38	65	16162	3188.9	0.035
2A.G005	2	38	62	2344	576.6	0.035
2ARS961	2	38	62	170	0	0.035
0A..000	2	39	62	1396157	0	0.035
0A..000	2	39	63	2690514	0	0.035
0A..000	1	39	64	2060855	0	0.035
0A..000	2	39	64	1032186	0	0.035
0A..000	1	39	65	21679041	0	0.035
0A..000	2	39	65	855723	0	0.035
1G..000	2	39	60	185501	0	0.035
1G..000	2	39	62	44746369	53349.7	0.035
1G..000	2	39	63	102263	499.5	0.035
1G..000	1	39	65	49126915	139446.9	0.035
1G..000	2	39	65	10520208	0	0.035
2A..000	1	39	62	32092	8546	0.035
2A..000	2	39	62	553743	204711.7	0.035
2A..000	1	39	63	55995	13880.6	0.035
2A..000	1	39	65	2898757	704221.5	0.035
2A..000+2T.W000	1	39	65	4933	0	0.035
2ARS961	2	39	62	478	0	0.035
2ARS963	2	39	0	815	0	0.035
2ARS964	1	39	0	116	0	0.035
0A..000	2	40	62	1636362	0	0.035
0A..000	2	40	63	2276845	0	0.035
0A..000	1	40	64	1871208	0	0.035
0A..000	2	40	64	677496	0	0.035
0A..000	1	40	65	23818777	0	0.035
0A..000	2	40	65	729787	0	0.035
1G..000	1	40	60	314641	6238.4	0.035
1G..000	1	40	62	7938	0	0.035
1G..000	2	40	62	43568776	64944.6	0.035
1G..000	1	40	63	175017	0	0.035
1G..000	2	40	63	106709	417	0.035
1G..000	2	40	64	168043	0	0.035
1G..000	1	40	65	26087	0	0.035
1G..000	1	40	65	50368085	187960.4	0.035
1G..000	2	40	65	6898569	0	0.035
1G..000	1	40	66	93768	0	0.035
2A..000	2	40	62	275970	115904.6	0.035
2A..000	2	40	63	28584	11923.8	0.035
2A..000	1	40	64	25052	5247.7	0.035
2A..000	1	40	65	2028378	512498.5	0.035
2A.G020	2	40	62	3207	1685	0.035
2ARS961	1	40	0	1024	0	0.035
2ARS961	2	40	0	303	0	0.035
0A..000	2	41	62	1021512	0	0.035
0A..000	2	41	63	2517654	0	0.035
0A..000	1	41	64	1185651	0	0.035
0A..000	2	41	64	554297	0	0.035
0A..000	1	41	65	20099756	0	0.035
0A..000	2	41	65	994022	0	0.035
1G..000	1	41	60	938032	20964.4	0.035
1G..000	2	41	60	83828	0	0.035
1G..000	1	41	62	156	0	0.035
1G..000	2	41	62	41557537	56984	0.035
1G..000	2	41	63	62150	876.8	0.035
1G..000	1	41	64	264036	0	0.035
1G..000	2	41	64	57267	0	0.035
1G..000	1	41	65	56061056	172064.2	0.035
1G..000	2	41	65	7988486	0	0.035
1G..000	1	41	66	23814	0	0.035
2A..000	1	41	62	66891	29748.2	0.035
2A..000	2	41	62	347132	138488.9	0.035
2A..000	2	41	63	27334	8172.5	0.035
2A..000	1	41	65	2869142	750477.9	0.035
2A.G005	1	41	65	17692	3201.8	0.035
2A.G015	1	41	65	10	0	0.035
2AR.000	1	41	0	633	0	0.035
2ARS961	2	41	0	7019	0	0.035
2ARS963	2	41	0	1880	0	0.035
0A..000	2	42	62	1519773	0	0.035
0A..000	2	42	63	2444761	0	0.035
0A..000	1	42	64	1453530	0	0.035
0A..000	2	42	64	658005	0	0.035
0A..000	1	42	65	21393282	0	0.035
0A..000	2	42	65	1091833	0	0.035
1G..000	1	42	60	876717	10188.5	0.035
1G..000	2	42	60	246864	0	0.035
1G..000	1	42	62	41179	0	0.035
1G..000	2	42	62	37996346	63357.1	0.035
1G..000	1	42	63	277680	0	0.035
1G..000	2	42	63	501932	0	0.035
1G..000	2	42	64	237493	0	0.035
1G..000	1	42	65	55150270	228994.5	0.035
1G..000	2	42	65	5410838	0	0.035
2A..000	1	42	62	211573	57882.8	0.035
2A..000	2	42	62	418275	168294.7	0.035
2A..000	1	42	63	31283	10526.9	0.035
2A..000	1	42	65	2460530	647487.5	0.035
2A..000+2T.W000	2	42	65	36000	0	0.035
2A.G005	2	42	62	9324	2288	0.035
2A.G020	1	42	65	643	0	0.035
2AR.000	1	42	0	8004	0	0.035
2AR.000	2	42	0	642	0	0.035
2ARS961	2	42	62	4591	0	0.035
0A..000	2	43	62	1109362	0	0.035
0A..000	2	43	63	2400743	0	0.035
0A..000	1	43	64	1469860	0	0.035
0A..000	2	43	64	388469	0	0.035
0A..000	1	43	65	19634219	0	0.035
0A..000	2	43	65	1358155	0	0.035
1G..000	1	43	60	1252156	27264.6	0.035
1G..000	2	43	60	4750	0	0.035
1G..000	1	43	62	0	0	0.035
1G..000	2	43	62	36673540	74045	0.035
1G..000	1	43	64	194069	0	0.035
1G..000	2	43	64	209181	0	0.035
1G..000	1	43	65	60388281	296270.7	0.035
1G..000	2	43	65	7731165	0	0.035
2A..000	1	43	62	33165	15099.9	0.035
2A..000	2	43	62	497477	212807.8	0.035
2A..000	1	43	65	2942828	827326.1	0.035
2A.G005	1	43	65	8804	1394.1	0.035
2A.G012	1	43	65	406	0	0.035
2A.G020	1	43	65	6871	0	0.035
2AR.000	1	43	0	10446	0	0.035
2ARS963	2	43	0	1445	0	0.035
0A..000	2	44	62	1288451	0	0.035
0A..000	2	44	63	2524242	0	0.035
0A..000	1	44	64	1372165	0	0.035
0A..000	2	44	64	314885	0	0.035
0A..000	1	44	65	18715612	0	0.035
0A..000	2	44	65	749506	0	0.035
1G..000	1	44	60	1183970	13082.4	0.035
1G..000	2	44	60	8636	0	0.035
1G..000	2	44	62	36855672	82363.4	0.035
1G..000	2	44	64	104289	0	0.035
1G..000	1	44	65	62218160	243861.7	0.035
1G..000	2	44	65	5495183	0	0.035
2A..000	2	44	61	8130	5833.9	0.035
2A..000	2	44	62	392147	153474.9	0.035
2A..000	1	44	63	20020	10688.6	0.035
2A..000	1	44	65	2188063	617720.5	0.035
2A..000+2T.W000	2	44	62	8996	0	0.035
2A..000+2T.W000	2	44	65	36000	0	0.035
2A.G020	2	44	62	133	0	0.035
2ARS961	2	44	0	1359	0	0.035
0A..000	2	45	62	871435	0	0.035
0A..000	2	45	63	2046230	0	0.035
0A..000	1	45	64	1053967	0	0.035
0A..000	2	45	64	326694	0	0.035
0A..000	1	45	65	19566118	0	0.035
0A..000	2	45	65	894303	0	0.035
1G..000	1	45	60	1448078	11251.7	0.035
1G..000	2	45	60	190218	0	0.035
1G..000	1	45	62	3946644	71338.2	0.035
1G..000	2	45	62	28336787	80298.7	0.035
1G..000	2	45	63	31810	0	0.035
1G..000	2	45	64	597251	0	0.035
1G..000	1	45	65	62140161	234294.8	0.035
1G..000	2	45	65	4626295	0	0.035
1G..000	1	45	68	215197	0	0.035
1G..000	1	45	70	288285	0	0.035
2A..000	1	45	62	29206	10527.4	0.035
2A..000	2	45	62	456012	203612.4	0.035
2A..000	1	45	65	2387281	666516.6	0.035
2A..000+2T.H101	2	45	62	2713	932.9	0.035
2A.G005	1	45	65	9784	2178	0.035
2AR.000	1	45	0	15265	0	0.035
2ARS961	2	45	0	718	0	0.035
2ARS961	2	45	62	441	0	0.035
2ARS961	1	45	0	1448	0	0.035
2ARS963	2	45	0	843	0	0.035
0A..000	2	46	62	1001846	0	0.035
0A..000	2	46	63	2613809	0	0.035
0A..000	1	46	64	1260769	0	0.035
0A..000	2	46	64	385220	0	0.035
0A..000	1	46	65	19038231	0	0.035
0A..000	2	46	65	1011596	0	0.035
1G..000	1	46	60	541872	5660	0.035
1G..000	2	46	60	38280	0	0.035
1G..000	2	46	61	3803	0	0.035
1G..000	1	46	62	107314	2528.8	0.035
1G..000	2	46	62	29006252	72715.2	0.035
1G..000	2	46	63	25117	0	0.035
1G..000	1	46	65	67055816	245655.6	0.035
1G..000	2	46	65	6920849	0	0.035
2A..000	1	46	62	112223	45295	0.035
2A..000	2	46	62	468440	228494	0.035
2A..000	2	46	63	29232	11560.7	0.035
2A..000	1	46	65	1458640	479584.7	0.035
2A..000+2T.W000	2	46	65	36000	0	0.035
2A.G005	2	46	62	6772	1226.3	0.035
2A.G005	1	46	65	7077	524.1	0.035
2A.G020	1	46	65	1243	0	0.035
2AR.000	1	46	0	14761	0	0.035
2ARS961	2	46	0	4053	0	0.035
0A..000	2	47	62	1106178	0	0.035
0A..000	2	47	63	1731888	0	0.035
0A..000	1	47	64	704621	0	0.035
0A..000	2	47	64	410335	0	0.035
0A..000	1	47	65	16424492	0	0.035
0A..000	2	47	65	1138768	0	0.035
1G..000	1	47	60	2517188	6956.2	0.035
1G..000	2	47	60	84276	0	0.035
1G..000	1	47	62	2834	0	0.035
1G..000	2	47	62	26930031	92135.8	0.035
1G..000	2	47	63	96118	307.8	0.035
1G..000	2	47	64	379385	0	0.035
1G..000	1	47	65	77971274	454555.9	0.035
1G..000	2	47	65	5907496	0	0.035
2A..000	1	47	62	45576	15954.5	0.035
2A..000	2	47	62	341039	159864.4	0.035
2A..000	2	47	63	5032	3293.7	0.035
2A..000	1	47	64	52632	20552.3	0.035
2A..000	1	47	65	2767171	855592	0.035
2A..000+2T.H101	1	47	65	3000	786.9	0.035
2A..000+2T.H101	2	47	65	5479	0	0.035
2A..000+2T.W000	2	47	62	10512	0	0.035
2A..000+2T.W000	1	47	65	3000	660.7	0.035
2A.G005	1	47	65	9337	2277.3	0.035
2A.G006	2	47	62	8283	1736.5	0.035
2A.G010	2	47	62	7875	3196.7	0.035
2A.G015	1	47	65	673	0	0.035
2A.G020	1	47	65	911	0	0.035
2AR.000	2	47	0	587	0	0.035
2ARS961	2	47	62	74	0	0.035
2ARS962	2	47	0	669	0	0.035
2ARS963	2	47	0	1881	0	0.035
0A..000	2	48	62	860343	0	0.035
0A..000	2	48	63	2289450	0	0.035
0A..000	1	48	64	989431	0	0.035
0A..000	2	48	64	283161	0	0.035
0A..000	1	48	65	17999637	0	0.035
0A..000	2	48	65	1180703	0	0.035
1G..000	1	48	60	1897671	12508.5	0.035
1G..000	2	48	60	301554	0	0.035
1G..000	2	48	61	23662	0	0.035
1G..000	1	48	62	4619	0	0.035
1G..000	2	48	62	28129866	101347.9	0.035
1G..000	2	48	63	45226	0	0.035
1G..000	2	48	64	334900	0	0.035
1G..000	1	48	65	71233824	300401.2	0.035
1G..000	2	48	65	3645431	0	0.035
2A..000	1	48	60	60047	26727	0.035
2A..000	1	48	62	72696	31274.3	0.035
2A..000	2	48	62	278883	119384.4	0.035
2A..000	1	48	65	2053539	603818.2	0.035
2A..000+2T.W000	2	48	62	5142	0	0.035
2A..000+2T.W000	1	48	65	3000	851.3	0.035
2A.G005	2	48	62	9690	2621.5	0.035
2A.G005	1	48	65	19034	4388.2	0.035
2A.G006	2	48	62	3760	602.4	0.035
2A.G006	1	48	65	159	0	0.035
2A.G015	1	48	65	9683	1110	0.035
2A.G020	1	48	65	2641	0	0.035
2AR.000	1	48	0	60273	0	0.035
2AR.000	2	48	0	182	0	0.035
2ARS961	2	48	0	642	0	0.035
2ARS961	2	48	62	640	0	0.035
2ARS961	1	48	0	630	0	0.035
2ARS963	2	48	0	1976	0	0.035
0A..000	2	49	62	851373	0	0.035
0A..000	2	49	63	2023522	0	0.035
0A..000	1	49	64	1197769	0	0.035
0A..000	2	49	64	466084	0	0.035
0A..000	1	49	65	14223322	0	0.035
0A..000	2	49	65	709975	0	0.035
1G..000	1	49	60	1878364	0	0.035
1G..000	2	49	60	62758	533.8	0.035
1G..000	1	49	62	2383	0	0.035
1G..000	2	49	62	28177244	86765.8	0.035
1G..000	2	49	63	113589	0	0.035
1G..000	2	49	64	758415	0	0.035
1G..000	2	49	65	41534	0	0.035
1G..000	1	49	65	68005953	267516.4	0.035
1G..000	2	49	65	3373447	0	0.035
2A..000	2	49	61	52774	24847.9	0.035
2A..000	1	49	62	28494	15425.9	0.035
2A..000	2	49	62	362323	172955.2	0.035
2A..000	2	49	63	30068	9618.8	0.035
2A..000	1	49	64	25052	7216.7	0.035
2A..000	1	49	65	1171668	353221.8	0.035
2A..000+2T.W000	1	49	65	3000	1174.1	0.035
2A.G005	1	49	65	12124	2356.5	0.035
2A.G012	1	49	65	329	0	0.035
2A.G020	1	49	65	987	0	0.035
2AR.000	1	49	0	770	0	0.035
2AR.000	2	49	0	506	0	0.035
2ARS961	2	49	62	4813	0	0.035
2ARS963	2	49	0	1267	0	0.035
0A..000	2	50	62	697516	0	0.035
0A..000	2	50	63	1528816	0	0.035
0A..000	1	50	64	790329	0	0.035
0A..000	2	50	64	178189	0	0.035
0A..000	1	50	65	15378926	0	0.035
0A..000	2	50	65	839509	0	0.035
1G..000	1	50	60	1231905	6625.6	0.035
1G..000	2	50	60	26967	0	0.035
1G..000	1	50	62	5637	0	0.035
1G..000	2	50	62	29219980	133230.8	0.035
1G..000	2	50	63	68514	0	0.035
1G..000	1	50	64	60513	0	0.035
1G..000	2	50	64	171245	0	0.035
1G..000	1	50	65	75569989	438802.6	0.035
1G..000	2	50	65	3647746	0	0.035
2A..000	2	50	62	270841	150931.7	0.035
2A..000	1	50	64	57539	18825.5	0.035
2A..000	1	50	65	1996960	713686.8	0.035
2A..000	2	50	65	16580	4703.3	0.035
2A..000+2T.W000	1	50	65	3000	756.9	0.035
2A.G005	1	50	65	10281	2279.7	0.035
2A.G020	1	50	65	2397	0	0.035
2ARS961	2	50	0	2616	0	0.035
2ARS961	2	50	62	60	0	0.035
0A..000	2	51	62	588842	0	0.035
0A..000	2	51	63	1536066	0	0.035
0A..000	1	51	64	1078215	0	0.035
0A..000	2	51	64	358010	0	0.035
0A..000	1	51	65	13503367	0	0.035
0A..000	2	51	65	774715	0	0.035
1G..000	2	51	58	447902	0	0.035
1G..000	1	51	60	576808	10010.1	0.035
1G..000	2	51	60	203623	0	0.035
1G..000	1	51	62	658431	6664.2	0.035
1G..000	2	51	62	33052670	172369.2	0.035
1G..000	2	51	63	97810	1668.6	0.035
1G..000	2	51	64	410399	0	0.035
1G..000	1	51	65	91976215	452041.8	0.035
1G..000	2	51	65	4427930	0	0.035
2A..000	2	51	62	476053	239957.1	0.035
2A..000	1	51	64	40861	14240.1	0.035
2A..000	1	51	65	2701415	914752.9	0.035
2A.G020	1	51	65	7816	632.1	0.035
2AR.000	1	51	0	18673	0	0.035
2ARS961	2	51	0	81530	0	0.035
2ARS961	2	51	62	170	0	0.035
2ARS961	1	51	0	25320	0	0.035
2ARS963	2	51	0	3130	0	0.035
0A..000	2	52	62	798952	0	0.035
0A..000	2	52	63	1557700	0	0.035
0A..000	1	52	64	274631	0	0.035
0A..000	2	52	64	293746	0	0.035
0A..000	1	52	65	14488646	0	0.035
0A..000	2	52	65	722240	0	0.035
1G..000	1	52	60	2814890	26584.6	0.035
1G..000	2	52	60	8415	0	0.035
1G..000	1	52	62	349602	0	0.035
1G..000	2	52	62	29465913	221996.6	0.035
1G..000	2	52	63	246776	0	0.035
1G..000	1	52	64	0	0	0.035
1G..000	2	52	64	86288	0	0.035
1G..000	1	52	65	88864516	525427.1	0.035
1G..000	2	52	65	5552594	0	0.035
1G..000	1	52	66	44638	0	0.035
2A..000	1	52	62	64477	35288.7	0.035
2A..000	2	52	62	419991	195724.5	0.035
2A..000	1	52	65	2928556	1050170	0.035
2A..000	2	52	65	15331	4315.7	0.035
2A..000+2T.W000	2	52	62	20128	0	0.035
2A..000+2T.W000	1	52	65	11480	3953.3	0.035
2A..000+2T.W000	2	52	65	36000	0	0.035
2A.G005	1	52	65	19933	5084.6	0.035
2A.G006	2	52	62	3658	532.9	0.035
2A.G012	1	52	65	1523	0	0.035
2A.G020	1	52	65	8459	0	0.035
2AR.000	1	52	0	4688	0	0.035
2ARS961	2	52	62	560	0	0.035
2ARS961	1	52	0	12060	0	0.035
2ARS962	2	52	0	861	0	0.035
2ARS963	2	52	0	70	0	0.035
0A..000	2	53	62	495934	0	0.035
0A..000	2	53	63	1410144	0	0.035
0A..000	1	53	64	662379	0	0.035
0A..000	2	53	64	279181	0	0.035
0A..000	1	53	65	12323623	0	0.035
0A..000	2	53	65	739015	0	0.035
1G..000	1	53	58	100000	6068	0.035
1G..000	1	53	60	3386633	16729	0.035
1G..000	2	53	60	2796	0	0.035
1G..000	1	53	62	470120	15934.3	0.035
1G..000	2	53	62	26610911	99276.8	0.035
1G..000	1	53	63	99598	0	0.035
1G..000	2	53	63	142941	2877	0.035
1G..000	1	53	64	3683	0	0.035
1G..000	2	53	64	357546	0	0.035
1G..000	1	53	65	85580390	387652.1	0.035
1G..000	2	53	65	5842639	0	0.035
2A..000	1	53	62	93231	76451.4	0.035
2A..000	2	53	62	237415	109684.5	0.035
2A..000	1	53	64	111302	31245.9	0.035
2A..000	1	53	65	2151394	785747.2	0.035
2A..000+2T.W000	2	53	62	36552	0	0.035
2A.G006	2	53	62	2752	546.1	0.035
2A.G015	1	53	65	1969	281.9	0.035
2A.G020	1	53	65	2133	0	0.035
2A.S230	1	53	65	73400	23654.3	0.035
2AR.000	1	53	0	17110	0	0.035
2ARS961	2	53	0	2376	0	0.035
2ARS961	2	53	62	888	0	0.035
2ARS961	1	53	0	947	0	0.035
2ARS962	2	53	0	836	0	0.035
2ARS963	2	53	0	6778	0	0.035
0A..000	2	54	62	598868	0	0.035
0A..000	2	54	63	1385178	0	0.035
0A..000	1	54	64	1181601	0	0.035
0A..000	2	54	64	307148	0	0.035
0A..000	1	54	65	13105426	0	0.035
0A..000	2	54	65	832435	0	0.035
1G..000	1	54	60	1362989	27165	0.035
1G..000	2	54	60	846703	0	0.035
1G..000	1	54	61	906286	0	0.035
1G..000	1	54	62	496721	14069.3	0.035
1G..000	2	54	62	33460608	162767.5	0.035
1G..000	1	54	63	412039	0	0.035
1G..000	2	54	63	16595	95.7	0.035
1G..000	1	54	64	496337	0	0.035
1G..000	2	54	64	789731	0	0.035
1G..000	1	54	65	103545209	591362.3	0.035
1G..000	2	54	65	7254293	11564	0.035
1G..000	1	54	66	446361	0	0.035
1G..000	1	54	67	681208	0	0.035
2A..000	2	54	60	21153	6012.9	0.035
2A..000	1	54	62	65041	52325.8	0.035
2A..000	2	54	62	446954	274672.6	0.035
2A..000	1	54	63	33557	14504.3	0.035
2A..000	1	54	65	2149039	732722.9	0.035
2A..000+2T.W000	2	54	62	9766	0	0.035
2A.G012	1	54	65	679	0	0.035
2A.G020	1	54	65	4618	0	0.035
2AR.000	1	54	0	18220	0	0.035
2AR.000	2	54	0	12626	0	0.035
2ARS961	2	54	0	663	0	0.035
2ARS961	1	54	0	990	0	0.035
2ARS963	2	54	0	4392	0	0.035
0A..000	2	55	62	451371	0	0.035
0A..000	2	55	63	1186946	0	0.035
0A..000	1	55	64	1040118	0	0.035
0A..000	2	55	64	227593	0	0.035
0A..000	1	55	65	12577516	0	0.035
0A..000	2	55	65	804676	0	0.035
1G..000	1	55	55	5438	0	0.035
1G..000	1	55	60	2731763	1905.6	0.035
1G..000	2	55	60	242274	0	0.035
1G..000	1	55	62	458823	16512.9	0.035
1G..000	2	55	62	29856605	173762.8	0.035
1G..000	1	55	63	540413	5731	0.035
1G..000	1	55	65	101272421	497403.7	0.035
1G..000	2	55	65	4053208	0	0.035
1G..000	1	55	66	51322	0	0.035
2A..000	2	55	62	487248	215001.9	0.035
2A..000	1	55	63	94492	30330.8	0.035
2A..000	2	55	64	9153	0	0.035
2A..000	1	55	65	2584990	890653	0.035
2A..000	2	55	65	26949	8324.4	0.035
2A..000+2T.W000	1	55	60	3219	5346.1	0.035
2A..000+2T.W000	2	55	65	25771	0	0.035
2A.G005	1	55	65	10836	2628.9	0.035
2A.G006	2	55	62	4458	511.3	0.035
2A.G015	1	55	65	271	0	0.035
2A.G020	1	55	65	28163	610.4	0.035
2A.S230	1	55	65	287147	132494.5	0.035
2AR.000	1	55	0	14881	0	0.035
2AR.000	2	55	0	5205	0	0.035
2ARS961	2	55	62	477	0	0.035
2ARS961	1	55	0	1286	0	0.035
2ARS961	2	55	0	3930	0	0.035
2ARS963	2	55	0	3507	0	0.035
0A..000	2	56	62	442767	0	0.035
0A..000	2	56	63	1318639	0	0.035
0A..000	1	56	64	62790	0	0.035
0A..000	2	56	64	325813	0	0.035
0A..000	1	56	65	13983140	0	0.035
0A..000	2	56	65	534447	0	0.035
1G..000	1	56	58	100000	7618	0.035
1G..000	2	56	59	179303	0	0.035
1G..000	1	56	60	3251890	21448.9	0.035
1G..000	2	56	60	6096	0	0.035
1G..000	1	56	62	195467	9800	0.035
1G..000	2	56	62	36245139	209752.7	0.035
1G..000	1	56	63	140480	0	0.035
1G..000	2	56	63	340404	0	0.035
1G..000	2	56	64	111135	0	0.035
1G..000	1	56	65	102164701	463405	0.035
1G..000	2	56	65	4469697	0	0.035
1G..000	1	56	66	164466	0	0.035
1G..000	1	56	70	1680679	0	0.035
2A..000	1	56	62	25215	20184.5	0.035
2A..000	2	56	62	404469	246074.3	0.035
2A..000	1	56	63	23638	16003.3	0.035
2A..000	1	56	65	2535223	978092.6	0.035
2A..000	2	56	65	4685	0	0.035
2A..000+2T.W000	2	56	62	24974	0	0.035
2A..000+2T.W000	1	56	65	28948	0	0.035
2A.G005	2	56	62	5503	1809	0.035
2A.G005	1	56	65	9879	1999.5	0.035
2A.G006	2	56	62	6192	2418.5	0.035
2A.G010	1	56	65	961	0	0.035
2A.G015	1	56	65	1346	0	0.035
2A.G020	2	56	62	742	0	0.035
2A.G020	1	56	65	90559	14165.7	0.035
2A.S230	1	56	65	43560	16789.1	0.035
2AR.000	1	56	0	76640	0	0.035
2AR.000	2	56	0	11918	0	0.035
2ARS961	2	56	0	53997	0	0.035
2ARS961	2	56	62	7607	0	0.035
2ARS961	1	56	0	2574	0	0.035
2ARS961	2	56	0	663	0	0.035
2ARS962	1	56	0	19991	0	0.035
2ARS963	2	56	0	8260	0	0.035
0A..000	2	57	62	358403	0	0.035
0A..000	2	57	63	1090795	0	0.035
0A..000	1	57	64	419504	0	0.035
0A..000	2	57	64	188226	0	0.035
0A..000	1	57	65	11861395	0	0.035
0A..000	2	57	65	953389	0	0.035
1G..000	2	57	57	75523	0	0.035
1G..000	2	57	58	75307	0	0.035
1G..000	1	57	60	6406882	11342	0.035
1G..000	2	57	60	22676	853.2	0.035
1G..000	1	57	62	1907351	45262.6	0.035
1G..000	2	57	62	39562360	201911.7	0.035
1G..000	2	57	63	139099	1797.6	0.035
1G..000	2	57	64	807987	0	0.035
1G..000	1	57	65	117546387	573532.2	0.035
1G..000	2	57	65	3921826	0	0.035
2A..000	1	57	60	60000	33256.8	0.035
2A..000	1	57	62	152017	99202.1	0.035
2A..000	2	57	62	438077	260450	0.035
2A..000	2	57	63	21406	7248.6	0.035
2A..000	1	57	65	2935202	1092207.7	0.035
2A..000+2T.H101	2	57	57	16208	0	0.035
2A..000+2T.H101	1	57	65	3000	1381.7	0.035
2A..000+2T.W000	2	57	63	8333	13911.4	0.035
2A..000+2T.W000	2	57	65	36000	0	0.035
2A.G005	2	57	62	9020	3608.7	0.035
2A.G005	1	57	65	26065	6863.5	0.035
2A.G006	2	57	62	9477	2196.2	0.035
2A.G010	1	57	65	16202	2400	0.035
2A.G015	1	57	65	11379	1735.1	0.035
2A.G020	1	57	65	57384	13053.2	0.035
2AR.000	1	57	0	32550	0	0.035
2AR.000	2	57	0	32794	0	0.035
2ARS961	2	57	0	2968	0	0.035
2ARS961	2	57	62	599	0	0.035
2ARS961	1	57	0	16410	0	0.035
2ARS962	2	57	0	2360	0	0.035
2ARS963	2	57	0	1818	0	0.035
0A..000	2	58	62	398953	0	0.035
0A..000	2	58	63	966333	0	0.035
0A..000	1	58	64	594388	0	0.035
0A..000	2	58	64	204958	0	0.035
0A..000	1	58	65	11277120	0	0.035
0A..000	2	58	65	599732	0	0.035
1G..000	2	58	58	10985	0	0.035
1G..000	1	58	60	11250850	121948.4	0.035
1G..000	2	58	60	179025	464.2	0.035
1G..000	2	58	62	35957108	237551.4	0.035
1G..000	2	58	63	39384	0	0.035
1G..000	1	58	64	1020785	25350	0.035
1G..000	2	58	64	309183	0	0.035
1G..000	1	58	65	138191913	644627.5	0.035
1G..000	2	58	65	5347992	0	0.035
1G..000	1	58	66	452018	0	0.035
2A..000	1	58	62	36499	22785.9	0.035
2A..000	2	58	62	285631	156848.2	0.035
2A..000	1	58	63	60699	21664.3	0.035
2A..000	1	58	65	2575883	953274.4	0.035
2A..000	2	58	65	5259	0	0.035
2A..000+2T.W000	2	58	62	15766	0	0.035
2A.G005	1	58	65	8676	1943.8	0.035
2A.G006	2	58	62	4103	2042.3	0.035
2A.G010	1	58	65	9596	1700	0.035
2A.G012	1	58	65	112	0	0.035
2A.G020	1	58	65	8362	1552.1	0.035
2AR.000	1	58	0	210019	0	0.035
2AR.000	2	58	0	184282	0	0.035
2AR.000+2T.W000	2	58	0	2442	0	0.035
2ARS961	2	58	0	52041	0	0.035
2ARS961	2	58	62	4757	0	0.035
2ARS961	1	58	0	67637	0	0.035
2ARS962	1	58	0	17137	0	0.035
2ARS962	1	58	0	29481	0	0.035
2ARS962	2	58	0	23566	0	0.035
2ARS963	2	58	0	14027	0	0.035
0A..000	2	59	62	257192	0	0.035
0A..000	2	59	63	1279860	0	0.035
0A..000	1	59	64	355847	0	0.035
0A..000	2	59	64	55014	0	0.035
0A..000	1	59	65	11632222	0	0.035
0A..000	2	59	65	717112	0	0.035
1G..000	1	59	60	11655568	14088.6	0.035
1G..000	2	59	60	174794	437.9	0.035
1G..000	1	59	61	449394	0	0.035
1G..000	1	59	62	866325	11691.8	0.035
1G..000	2	59	62	30615018	204304.8	0.035
1G..000	1	59	63	39020	0	0.035
1G..000	2	59	63	731351	0	0.035
1G..000	2	59	64	479629	0	0.035
1G..000	1	59	65	226596	0	0.035
1G..000	2	59	65	20425	0	0.035
1G..000	1	59	65	121601265	706071.1	0.035
1G..000	2	59	65	3885311	0	0.035
1G..000	1	59	67	613193	0	0.035
1G..000	1	59	70	198856	4500	0.035
2A..000	1	59	60	362439	519490.5	0.035
2A..000	2	59	60	1134	0	0.035
2A..000	1	59	62	32606	30545	0.035
2A..000	2	59	62	233037	121847.1	0.035
2A..000	2	59	63	35584	19240.9	0.035
2A..000	1	59	64	6523	11370	0.035
2A..000	1	59	65	2749866	966100.7	0.035
2A..000+2T.W000	2	59	63	15302	0	0.035
2A..000+2T.W000	1	59	65	359475	0	0.035
2A.G005	1	59	65	28767	7023	0.035
2A.G006	2	59	60	507	0	0.035
2A.G006	2	59	62	12492	4254.4	0.035
2A.G020	1	59	65	27995	3099.9	0.035
2AR.000	2	59	0	39046	0	0.035
2AR.000	1	59	0	408789	0	0.035
2AR.000	2	59	0	251201	0	0.035
2AR.000+2T.W000	2	59	0	4433	0	0.035
2ARS961	1	59	0	0	0	0.035
2ARS961	2	59	0	5202	0	0.035
2ARS961	1	59	0	16395	0	0.035
2ARS962	2	59	0	12573	0	0.035
2ARS962	1	59	0	58244	0	0.035
2ARS962	2	59	0	48931	0	0.035
2ARS963	2	59	0	10605	0	0.035
0A..000	2	60	62	267789	0	0.035
0A..000	2	60	63	810748	0	0.035
0A..000	1	60	64	492339	0	0.035
0A..000	2	60	64	137948	0	0.035
0A..000	1	60	65	11022591	0	0.035
0A..000	2	60	65	548872	0	0.035
1G..000	1	60	61	534822	0	0.035
1G..000	1	60	62	1254814	0	0.035
1G..000	2	60	62	29224630	152850	0.035
1G..000	2	60	64	4347961	0	0.035
1G..000	1	60	65	131058491	628609	0.035
1G..000	2	60	65	242549	3154.5	0.035
1G..000	1	60	70	177272	0	0.035
2A..000	1	60	60	61800	0	0.035
2A..000	1	60	62	210674	127333.9	0.035
2A..000	2	60	62	217508	121467.3	0.035
2A..000	1	60	63	34990	24528.2	0.035
2A..000	2	60	63	878	0	0.035
2A..000	2	60	64	14025	0	0.035
2A..000	1	60	65	2863377	821622	0.035
2A..000	2	60	65	29746	9250.6	0.035
2A..000+2T.H101	1	60	65	3950	2106.7	0.035
2A..000+2T.W000	1	60	60	10625	0	0.035
2A..000+2T.W000	1	60	62	20567	0	0.035
2A..000+2T.W000	2	60	64	40605	0	0.035
2A..000+2T.W000	1	60	65	41591	1278	0.035
2A..000+2T.W000	2	60	65	36000	0	0.035
2A.G005	1	60	65	14546	4358.8	0.035
2A.G006	2	60	62	10458	3230.7	0.035
2A.G006	2	60	63	878	0	0.035
2A.G012	1	60	65	8818	1549.7	0.035
2A.G015	1	60	65	15614	6291.3	0.035
2A.G020	1	60	65	25741	4640.6	0.035
2AR.000	2	60	0	12638	0	0.035
2AR.000	1	60	0	228274	0	0.035
2AR.000	2	60	0	353576	0	0.035
2ARG005	1	60	0	2574	0	0.035
2ARS961	1	60	0	772889	0	0.035
2ARS961	2	60	0	45905	0	0.035
2ARS961	1	60	0	5754	0	0.035
2ARS962	2	60	0	2898	0	0.035
2ARS962	1	60	0	29928	0	0.035
2ARS962	2	60	0	70665	0	0.035
2ARS963	2	60	0	8952	0	0.035
0A..000	2	61	62	305267	0	0.035
0A..000	2	61	63	861134	0	0.035
0A..000	1	61	64	20326	0	0.035
0A..000	2	61	64	28059	0	0.035
0A..000	1	61	65	8287240	0	0.035
0A..000	2	61	65	592143	0	0.035
1G..000	1	61	62	205782	0	0.035
1G..000	2	61	62	23892528	196618.8	0.035
1G..000	2	61	63	143929	0	0.035
1G..000	1	61	64	957759	15497.3	0.035
1G..000	2	61	64	4744437	0	0.035
1G..000	1	61	65	118831919	779036.4	0.035
1G..000	2	61	65	167395	0	0.035
1G..000	1	61	70	611126	0	0.035
2A..000	1	61	62	77401	65631.6	0.035
2A..000	2	61	62	222738	158890.4	0.035
2A..000	2	61	63	43144	24040.7	0.035
2A..000	1	61	64	4593	8653.3	0.035
2A..000	2	61	64	13216	0	0.035
2A..000	1	61	65	2060259	643363.2	0.035
2A..000+2T.W000	2	61	61	9896	0	0.035
2A..000+2T.W000	1	61	62	17909	0	0.035
2A..000+2T.W000	2	61	62	35994	0	0.035
2A..000+2T.W000	2	61	64	11530	0	0.035
2A..000+2T.W000	1	61	65	315366	0	0.035
2A.G006	2	61	62	13564	2735.5	0.035
2A.G020	2	61	62	1463	1323.8	0.035
2A.G020	1	61	65	112757	39167.1	0.035
2AR.000	2	61	0	11378	0	0.035
2AR.000	1	61	0	2007356	0	0.035
2AR.000	2	61	0	411786	0	0.035
2AR.000+2T.W000	1	61	0	81828	0	0.035
2AR.000+2T.W000	2	61	0	24228	0	0.035
2ARS961	1	61	0	376791	0	0.035
2ARS961	2	61	0	176208	0	0.035
2ARS961	2	61	62	16968	0	0.035
2ARS961	1	61	0	2420	0	0.035
2ARS962	1	61	0	76173	0	0.035
2ARS962	2	61	0	1746	0	0.035
2ARS962	1	61	0	211222	0	0.035
2ARS962	2	61	0	90599	0	0.035
2ARS963	2	61	0	13822	0	0.035
2ARS963	1	61	0	449	0	0.035
2ARS963	2	61	0	33362	0	0.035
0A..000	2	62	62	154869	0	0.035
0A..000	2	62	63	383847	0	0.035
0A..000	1	62	64	226176	0	0.035
0A..000	2	62	64	56295	0	0.035
0A..000	1	62	65	8214260	0	0.035
0A..000	2	62	65	426205	0	0.035
1G..000	1	62	63	204292	0	0.035
1G..000	2	62	63	9538	665	0.035
1G..000	2	62	64	2628697	0	0.035
1G..000	1	62	65	108908823	813241.6	0.035
1G..000	1	62	67	329056	0	0.035
1G..000	2	62	67	384193	0	0.035
1G..000	1	62	68	433539	0	0.035
1G..000	1	62	69	224126	0	0.035
2A..000	1	62	62	60437	57749.1	0.035
2A..000	2	62	62	139148	94874.5	0.035
2A..000	1	62	63	11136	0	0.035
2A..000	2	62	63	2256	579.8	0.035
2A..000	1	62	64	26846	8489.7	0.035
2A..000	1	62	65	1848340	653968.6	0.035
2A..000	2	62	65	24746	8567.6	0.035
2A..000	1	62	68	4773	0	0.035
2A..000	1	62	70	52464	0	0.035
2A..000+2T.H101	1	62	65	2819	1824.1	0.035
2A..000+2T.W000	2	62	62	3595	0	0.035
2A..000+2T.W000	2	62	64	50850	0	0.035
2A..000+2T.W000	1	62	65	6129	0	0.035
2A.G005	2	62	62	7777	3214.3	0.035
2A.G005	1	62	65	22097	7746.4	0.035
2A.G006	2	62	62	8949	2702.9	0.035
2A.G006	2	62	63	2256	584	0.035
2A.G020	1	62	65	47673	10145.5	0.035
2AR.000	2	62	0	139725	0	0.035
2AR.000	1	62	0	2338320	0	0.035
2AR.000	2	62	0	567211	0	0.035
2AR.000+2T.W000	2	62	0	8043	0	0.035
2ARS961	1	62	0	918515	0	0.035
2ARS961	2	62	0	123391	0	0.035
2ARS961	2	62	62	3616	0	0.035
2ARS961	1	62	0	3347	0	0.035
2ARS962	1	62	0	85160	0	0.035
2ARS962	2	62	0	37792	0	0.035
2ARS962	1	62	0	221302	0	0.035
2ARS962	2	62	0	119908	0	0.035
2ARS963	2	62	0	14039	0	0.035
0A..000	2	63	62	32584	0	0.035
0A..000	2	63	63	532611	0	0.035
0A..000	1	63	64	92430	0	0.035
0A..000	2	63	64	15504	0	0.035
0A..000	1	63	65	7061657	0	0.035
0A..000	2	63	65	497537	0	0.035
1G..000	2	63	64	187844	0	0.035
1G..000	1	63	65	97863944	887816.2	0.035
1G..000	2	63	65	79553	0	0.035
1G..000	2	63	67	455846	0	0.035
1G..000	1	63	70	299775	0	0.035
2A..000	1	63	63	5937	0	0.035
2A..000	2	63	63	69769	31052.2	0.035
2A..000	1	63	65	1654390	546188.3	0.035
2A..000	2	63	65	13723	4110.8	0.035
2A..000	1	63	66	116162	0	0.035
2A..000	1	63	70	183155	0	0.035
2A.G005	1	63	65	40643	12947.7	0.035
2A.G010	1	63	65	4566	0	0.035
2A.G015	1	63	65	10020	1357.2	0.035
2A.G020	1	63	65	41948	3821	0.035
2AR.000	2	63	0	234739	0	0.035
2AR.000	1	63	0	5123885	0	0.035
2AR.000	2	63	0	2127618	0	0.035
2AR.000+2T.W000	2	63	0	119128	0	0.035
2ARS961	1	63	0	652577	0	0.035
2ARS961	2	63	0	112364	0	0.035
2ARS961	1	63	0	519	0	0.035
2ARS962	1	63	0	104459	0	0.035
2ARS962	2	63	0	56089	0	0.035
2ARS962	1	63	0	843716	0	0.035
2ARS962	2	63	0	562043	0	0.035
2ARS963	2	63	0	38198	0	0.035
2ARS964	2	63	0	124	0	0.035
0A..000	2	64	63	7040	0	0.035
0A..000	1	64	64	49725	0	0.035
0A..000	2	64	64	10456	0	0.035
0A..000	1	64	65	4453710	0	0.035
0A..000	2	64	65	154507	0	0.035
1G..000	1	64	65	67593148	480261.5	0.035
1G..000	2	64	65	8605	0	0.035
1G..000	1	64	66	758269	0	0.035
1G..000	1	64	67	413780	0	0.035
1G..000	2	64	67	541079	0	0.035
1G..000	1	64	68	223962	0	0.035
1G..000	2	64	68	147885	0	0.035
1G..000	1	64	69	726256	0	0.035
1G..000	1	64	70	439650	0	0.035
2A..000	1	64	64	25621	0	0.035
2A..000	2	64	64	38259	41395.9	0.035
2A..000	1	64	65	1075167	346002.7	0.035
2A..000	2	64	68	9816	0	0.035
2A..000	1	64	70	241097	0	0.035
2A..000	1	64	72	114520	0	0.035
2A..000	2	64	72	43084	0	0.035
2A..000+2T.W000	2	64	65	2400	6605.1	0.035
2A.G005	1	64	65	57883	15380.4	0.035
2A.G010	1	64	65	3229	970.4	0.035
2A.G020	1	64	65	128023	19358.2	0.035
2AR.000	2	64	0	305302	0	0.035
2AR.000	1	64	0	5797258	0	0.035
2AR.000	2	64	0	3413112	0	0.035
2AR.000+2T.W000	1	64	0	3345	0	0.035
2AR.000+2T.W000	2	64	0	5121	0	0.035
2ARG005	2	64	0	16796	0	0.035
2ARG006	2	64	0	4380	0	0.035
2ARG010	1	64	0	8250	0	0.035
2ARS961	1	64	0	760056	0	0.035
2ARS961	2	64	0	79062	0	0.035
2ARS961	1	64	0	18267	0	0.035
2ARS962	1	64	0	142159	0	0.035
2ARS962	2	64	0	67663	0	0.035
2ARS962	1	64	0	1105374	0	0.035
2ARS962	2	64	0	864497	0	0.035
2ARS963	2	64	0	3633	0	0.035
2ARS963	2	64	0	14402	0	0.035
0A..000	1	65	65	2702431	0	0.035
0A..000	2	65	65	94774	0	0.035
1G..000	1	65	66	137249	0	0.035
1G..000	2	65	66	95808	0	0.035
1G..000	2	65	67	310494	0	0.035
1G..000	1	65	70	406025	0	0.035
2A..000	1	65	65	1181340	445296.5	0.035
2A..000	2	65	66	35755	7000	0.035
2A..000+2T.W000	1	65	65	16474	0	0.035
2A..000+2T.W000	2	65	65	34301	0	0.035
2A.G005	1	65	65	26958	7326	0.035
2A.G012	1	65	65	2888	0	0.035
2A.G015	1	65	65	539	0	0.035
2A.G020	1	65	65	25313	2405.8	0.035
2AR.000	2	65	0	161866	0	0.035
2AR.000	1	65	0	5940099	0	0.035
2AR.000	2	65	0	3458587	0	0.035
2AR.000+2T.W000	1	65	0	24968	0	0.035
2AR.000+2T.W000	2	65	0	8514	0	0.035
2ARG006	2	65	0	1298	0	0.035
2ARS961	1	65	0	773690	0	0.035
2ARS961	2	65	0	15226	0	0.035
2ARS961	1	65	0	6553	0	0.035
2ARS962	1	65	0	122496	0	0.035
2ARS962	2	65	0	28808	0	0.035
2ARS962	1	65	0	976539	0	0.035
2ARS962	2	65	0	831093	0	0.035
2ARS963	1	65	0	6729	0	0.035
2ARS963	2	65	0	45623	0	0.035
0A..000	1	66	65	301050	0	0.035
0A..000	2	66	65	4880	0	0.035
1G..000	1	66	67	166914	0	0.035
1G..000	1	66	68	229829	0	0.035
1G..000	1	66	69	236686	0	0.035
1G..000	1	66	70	2861556	10000	0.035
2A..000	1	66	69	16959	0	0.035
2A..000	1	66	70	12410	0	0.035
2A..000+2T.W000	1	66	67	14327	0	0.035
2AR.000	1	66	0	1655958	0	0.035
2AR.000	2	66	0	238513	0	0.035
2AR.000	1	66	0	17936149	0	0.035
2AR.000	2	66	0	2503980	0	0.035
2AR.000+2T.W000	1	66	0	43889	0	0.035
2AR.000+2T.W000	2	66	0	48954	0	0.035
2ARG005	1	66	0	93432	0	0.035
2ARG006	2	66	0	5442	0	0.035
2ARG010	1	66	0	1510	0	0.035
2ARG015	1	66	0	3837	0	0.035
2ARG020	1	66	0	29048	0	0.035
2ARS961	1	66	0	185898	0	0.035
2ARS961	2	66	0	106745	0	0.035
2ARS962	1	66	0	361402	0	0.035
2ARS962	2	66	0	20008	0	0.035
2ARS962	1	66	0	3473581	0	0.035
2ARS962	2	66	0	662351	0	0.035
2ARS963	2	66	0	5299	0	0.035
2ARS963	2	66	0	18850	0	0.035
1G..000	1	67	68	319726	0	0.035
1G..000	1	67	69	196067	0	0.035
1G..000	1	67	70	3303658	0	0.035
2A..000	1	67	70	24260	52754.4	0.035
2A..000	1	67	71	228552	0	0.035
2A..000	1	67	72	27457	0	0.035
2AR.000	1	67	0	1424760	0	0.035
2AR.000	2	67	0	281481	0	0.035
2AR.000	1	67	0	16749330	0	0.035
2AR.000	2	67	0	2367030	0	0.035
2AR.000+2T.W000	1	67	0	112234	0	0.035
2AR.000+2T.W000	2	67	0	24161	0	0.035
2ARG005	1	67	0	71636	0	0.035
2ARG005	2	67	0	5482	0	0.035
2ARG006	2	67	0	3109	0	0.035
2ARG010	1	67	0	14887	0	0.035
2ARG015	1	67	0	12226	0	0.035
2ARG020	1	67	0	41730	0	0.035
2ARS961	1	67	0	332555	0	0.035
2ARS961	2	67	0	111593	0	0.035
2ARS962	1	67	0	260610	0	0.035
2ARS962	2	67	0	11311	0	0.035
2ARS962	1	67	0	2949555	0	0.035
2ARS962	2	67	0	600193	0	0.035
2ARS963	2	67	0	2864	0	0.035
2ARS963	2	67	0	41912	0	0.035
1G..000	1	68	70	347264	0	0.035
2A..000	2	68	69	9980	0	0.035
2A..000	1	68	70	159591	0	0.035
2A..000	1	68	72	160515	0	0.035
2AR.000	1	68	0	1012708	0	0.035
2AR.000	2	68	0	157436	0	0.035
2AR.000	1	68	0	17720060	0	0.035
2AR.000	2	68	0	2251977	0	0.035
2AR.000+2T.W000	1	68	0	67574	0	0.035
2AR.000+2T.W000	2	68	0	7479	0	0.035
2ARG005	1	68	0	133934	0	0.035
2ARG005	2	68	0	14638	0	0.035
2ARG006	2	68	0	10205	0	0.035
2ARG015	1	68	0	4219	0	0.035
2ARG020	1	68	0	93469	0	0.035
2ARS961	1	68	0	626901	0	0.035
2ARS961	2	68	0	27495	0	0.035
2ARS962	1	68	0	153541	0	0.035
2ARS962	2	68	0	16864	0	0.035
2ARS962	1	68	0	3011001	0	0.035
2ARS962	2	68	0	489870	0	0.035
2ARS963	1	68	0	5933	0	0.035
2ARS963	2	68	0	49339	0	0.035
1G..000	1	69	70	876269	17500	0.035
2A..000	2	69	71	3216	0	0.035
2A..000	1	69	85	3476	0	0.035
2AR.000	1	69	0	626839	0	0.035
2AR.000	2	69	0	173108	0	0.035
2AR.000	1	69	0	14780831	0	0.035
2AR.000	2	69	0	1850697	0	0.035
2AR.000+2T.W000	1	69	0	165686	0	0.035
2AR.000+2T.W000	2	69	0	12096	0	0.035
2ARG004	2	69	0	2350	0	0.035
2ARG005	1	69	0	86799	0	0.035
2ARG005	2	69	0	13584	0	0.035
2ARG006	2	69	0	5843	0	0.035
2ARG015	1	69	0	2434	0	0.035
2ARG020	1	69	0	51509	0	0.035
2ARS961	1	69	0	605341	0	0.035
2ARS961	2	69	0	115792	0	0.035
2ARS962	1	69	0	130775	0	0.035
2ARS962	2	69	0	6522	0	0.035
2ARS962	1	69	0	2411141	0	0.035
2ARS962	2	69	0	372059	0	0.035
2ARS963	1	69	0	1759	0	0.035
2ARS963	2	69	0	48535	0	0.035
2AR.000	1	70	0	572411	0	0.035
2AR.000	2	70	0	17877	0	0.035
2AR.000	1	70	0	14564881	0	0.035
2AR.000	2	70	0	1748071	0	0.035
2AR.000+2T.H101	2	70	0	363	0	0.035
2AR.000+2T.W000	1	70	0	148552	0	0.035
2ARG005	1	70	0	97032	0	0.035
2ARG005	2	70	0	1502	0	0.035
2ARG006	2	70	0	2870	0	0.035
2ARG010	1	70	0	4378	0	0.035
2ARG015	1	70	0	23433	0	0.035
2ARG020	1	70	0	41584	0	0.035
2ARS230	1	70	0	52408	0	0.035
2ARS961	1	70	0	246580	0	0.035
2ARS961	2	70	0	101841	0	0.035
2ARS962	1	70	0	126419	0	0.035
2ARS962	2	70	0	1526	0	0.035
2ARS962	1	70	0	2459847	0	0.035
2ARS962	2	70	0	317593	0	0.035
2ARS963	2	70	0	8413	0	0.035
2ARS963	1	70	0	820	0	0.035
2ARS963	2	70	0	42776	0	0.035
2A..000	1	71	85	2189	0	0.035
2AR.000	1	71	0	373927	0	0.035
2AR.000	2	71	0	35117	0	0.035
2AR.000	1	71	0	13010650	0	0.035
2AR.000	2	71	0	1704256	0	0.035
2AR.000+2T.W000	1	71	0	32678	0	0.035
2AR.000+2T.W000	2	71	0	10042	0	0.035
2ARG004	1	71	0	5692	0	0.035
2ARG005	1	71	0	136679	0	0.035
2ARG005	2	71	0	10487	0	0.035
2ARG006	2	71	0	9118	0	0.035
2ARG010	1	71	0	14864	0	0.035
2ARG012	1	71	0	1006	0	0.035
2ARG020	1	71	0	63553	0	0.035
2ARG020	2	71	0	3997	0	0.035
2ARS961	1	71	0	297678	0	0.035
2ARS961	2	71	0	62620	0	0.035
2ARS962	1	71	0	65470	0	0.035
2ARS962	1	71	0	2082162	0	0.035
2ARS962	2	71	0	185491	0	0.035
2ARS963	1	71	0	1225	0	0.035
2ARS963	2	71	0	40839	0	0.035
2A..000	2	72	72	11089	0	0.035
2A..000	1	72	77	7902	0	0.035
2A..000	1	72	85	8433	0	0.035
2AR.000	1	72	0	444287	0	0.035
2AR.000	2	72	0	19847	0	0.035
2AR.000	1	72	0	11826890	0	0.035
2AR.000	2	72	0	1602680	0	0.035
2AR.000+2T.W000	1	72	0	9570	0	0.035
2AR.000+2T.W000	2	72	0	5828	0	0.035
2ARG004	1	72	0	3485	0	0.035
2ARG005	1	72	0	121342	0	0.035
2ARG006	2	72	0	12084	0	0.035
2ARG010	1	72	0	4628	0	0.035
2ARG012	1	72	0	225	0	0.035
2ARG015	1	72	0	1042	0	0.035
2ARG020	1	72	0	54199	0	0.035
2ARG020	2	72	0	4065	0	0.035
2ARS961	1	72	0	162973	0	0.035
2ARS961	2	72	0	154322	0	0.035
2ARS962	1	72	0	84916	0	0.035
2ARS962	1	72	0	1725547	0	0.035
2ARS962	2	72	0	178173	0	0.035
2ARS963	2	72	0	43007	0	0.035
2A..000	1	73	75	11125	0	0.035
2AR.000	1	73	0	25720	0	0.035
2AR.000	1	73	0	10169982	0	0.035
2AR.000	2	73	0	1344177	0	0.035
2AR.000+2T.W000	2	73	0	7968	0	0.035
2ARG005	1	73	0	194913	0	0.035
2ARG006	2	73	0	6429	0	0.035
2ARG010	1	73	0	5684	0	0.035
2ARG015	1	73	0	3267	0	0.035
2ARG020	1	73	0	25197	0	0.035
2ARS961	1	73	0	179638	0	0.035
2ARS961	2	73	0	47821	0	0.035
2ARS962	1	73	0	6058	0	0.035
2ARS962	1	73	0	1315338	0	0.035
2ARS962	2	73	0	143832	0	0.035
2ARS963	2	73	0	43955	0	0.035
2A..000	1	74	75	29108	0	0.035
2A..000	1	74	85	3942	0	0.035
2AR.000	1	74	0	9201338	0	0.035
2AR.000	2	74	0	1308840	0	0.035
2AR.000+2T.W000	1	74	0	5503	0	0.035
2ARG005	1	74	0	152314	0	0.035
2ARG005	2	74	0	2615	0	0.035
2ARG006	1	74	0	18528	0	0.035
2ARG006	2	74	0	5784	0	0.035
2ARG010	1	74	0	28419	0	0.035
2ARG015	1	74	0	1800	0	0.035
2ARG020	1	74	0	25006	0	0.035
2ARS961	1	74	0	136767	0	0.035
2ARS961	2	74	0	58333	0	0.035
2ARS962	1	74	0	775579	0	0.035
2ARS962	2	74	0	139733	0	0.035
2ARS963	1	74	0	3928	0	0.035
2ARS963	2	74	0	45745	0	0.035
2A..000	1	75	75	20153	0	0.035
2AR.000	1	75	0	9768599	0	0.035
2AR.000	2	75	0	1170724	0	0.035
2AR.000+2T.W000	1	75	0	9752	0	0.035
2AR.000+2T.W000	2	75	0	22920	0	0.035
2ARG004	1	75	0	6459	0	0.035
2ARG005	1	75	0	112549	0	0.035
2ARG006	2	75	0	23302	0	0.035
2ARG010	1	75	0	8324	0	0.035
2ARG015	1	75	0	1832	0	0.035
2ARG020	1	75	0	76805	0	0.035
2ARS961	1	75	0	293444	0	0.035
2ARS961	2	75	0	59468	0	0.035
2ARS962	1	75	0	690541	0	0.035
2ARS962	2	75	0	100417	0	0.035
2ARS963	2	75	0	32578	0	0.035
2A..000	1	76	85	20656	0	0.035
2AR.000	1	76	0	8384975	0	0.035
2AR.000	2	76	0	1078661	0	0.035
2AR.000+2T.W000	1	76	0	15536	0	0.035
2AR.000+2T.W000	2	76	0	28600	0	0.035
2ARG005	1	76	0	36159	0	0.035
2ARG005	2	76	0	6701	0	0.035
2ARG006	2	76	0	15212	0	0.035
2ARG010	1	76	0	11736	0	0.035
2ARG010	2	76	0	4632	0	0.035
2ARG015	1	76	0	32248	0	0.035
2ARG020	1	76	0	40312	0	0.035
2ARS961	1	76	0	101318	0	0.035
2ARS961	2	76	0	77844	0	0.035
2ARS962	1	76	0	653155	0	0.035
2ARS962	2	76	0	78410	0	0.035
2ARS963	2	76	0	2969	0	0.035
2ARS963	2	76	0	27348	0	0.035
2A..000	1	77	65	3214	0	0.035
2A.G020	1	77	82	4703	0	0.035
2AR.000	1	77	0	8320687	0	0.035
2AR.000	2	77	0	1153753	0	0.035
2AR.000+2T.W000	1	77	0	37952	0	0.035
2AR.000+2T.W000	2	77	0	6076	0	0.035
2ARG004	1	77	0	3280	0	0.035
2ARG005	1	77	0	165789	0	0.035
2ARG006	2	77	0	4916	0	0.035
2ARG010	1	77	0	7508	0	0.035
2ARG020	1	77	0	48842	0	0.035
2ARS961	1	77	0	247316	0	0.035
2ARS961	2	77	0	62421	0	0.035
2ARS962	1	77	0	533017	0	0.035
2ARS962	2	77	0	78618	0	0.035
2ARS963	1	77	0	2397	0	0.035
2ARS963	2	77	0	37793	0	0.035
2AR.000	1	78	0	8230414	0	0.035
2AR.000	2	78	0	1245061	0	0.035
2AR.000+2T.W000	2	78	0	2132	0	0.035
2ARG005	1	78	0	70116	0	0.035
2ARG005	2	78	0	8824	0	0.035
2ARG006	2	78	0	10796	0	0.035
2ARG010	1	78	0	16924	0	0.035
2ARG012	1	78	0	3300	0	0.035
2ARG015	1	78	0	2028	0	0.035
2ARG020	1	78	0	30692	0	0.035
2ARS961	1	78	0	139271	0	0.035
2ARS961	2	78	0	59592	0	0.035
2ARS962	1	78	0	487005	0	0.035
2ARS962	2	78	0	66470	0	0.035
2ARS963	1	78	0	3948	0	0.035
2ARS963	2	78	0	54454	0	0.035
2A..000	1	79	80	2034	0	0.035
2AR.000	1	79	0	6991040	0	0.035
2AR.000	2	79	0	1042486	0	0.035
2AR.000+2T.W000	1	79	0	15614	0	0.035
2AR.000+2T.W000	2	79	0	3124	0	0.035
2ARG005	1	79	0	45895	0	0.035
2ARG005	2	79	0	3448	0	0.035
2ARG006	2	79	0	9471	0	0.035
2ARG010	1	79	0	18117	0	0.035
2ARG015	1	79	0	28428	0	0.035
2ARG020	1	79	0	72692	0	0.035
2ARS961	1	79	0	96507	0	0.035
2ARS961	2	79	0	41089	0	0.035
2ARS962	1	79	0	441259	0	0.035
2ARS962	2	79	0	41682	0	0.035
2ARS963	1	79	0	1388	0	0.035
2ARS963	2	79	0	23373	0	0.035
2A..000	1	80	80	1101	0	0.035
2AR.000	1	80	0	6103025	0	0.035
2AR.000	2	80	0	1002716	0	0.035
2AR.000+2T.W000	1	80	0	5608	0	0.035
2AR.000+2T.W000	2	80	0	4795	0	0.035
2ARG005	1	80	0	89182	0	0.035
2ARG005	2	80	0	6550	0	0.035
2ARG006	2	80	0	10390	0	0.035
2ARG010	1	80	0	5520	0	0.035
2ARG012	1	80	0	2044	0	0.035
2ARG020	1	80	0	47518	0	0.035
2ARS961	1	80	0	184907	0	0.035
2ARS961	2	80	0	225973	0	0.035
2ARS962	1	80	0	286175	0	0.035
2ARS962	2	80	0	25380	0	0.035
2ARS963	2	80	0	17452	0	0.035
2A..000	2	81	82	8376	0	0.035
2AR.000	1	81	0	5519292	0	0.035
2AR.000	2	81	0	753274	0	0.035
2AR.000+2T.W000	2	81	0	2388	0	0.035
2ARG004	2	81	0	5987	0	0.035
2ARG005	1	81	0	131173	0	0.035
2ARG005	2	81	0	4624	0	0.035
2ARG006	1	81	0	92	0	0.035
2ARG006	2	81	0	28075	0	0.035
2ARG010	1	81	0	20195	0	0.035
2ARG020	1	81	0	53499	0	0.035
2ARS961	1	81	0	144838	0	0.035
2ARS961	2	81	0	56825	0	0.035
2ARS962	1	81	0	303848	0	0.035
2ARS962	2	81	0	27649	0	0.035
2ARS963	2	81	0	11808	0	0.035
2A..000	1	82	65	2776	0	0.035
2AR.000	1	82	0	5441499	0	0.035
2AR.000	2	82	0	703042	0	0.035
2AR.000+2T.W000	1	82	0	27697	0	0.035
2AR.000+2T.W000	2	82	0	10044	0	0.035
2ARG005	1	82	0	48308	0	0.035
2ARG005	2	82	0	6613	0	0.035
2ARG006	1	82	0	5659	0	0.035
2ARG006	2	82	0	53673	0	0.035
2ARG010	1	82	0	3036	0	0.035
2ARG010	2	82	0	7076	0	0.035
2ARG012	2	82	0	920	0	0.035
2ARG015	1	82	0	5344	0	0.035
2ARG020	1	82	0	92943	0	0.035
2ARS961	1	82	0	198594	0	0.035
2ARS961	2	82	0	70864	0	0.035
2ARS962	1	82	0	87642	0	0.035
2ARS962	2	82	0	1357	0	0.035
2ARS963	2	82	0	18585	0	0.035
2AR.000	1	83	0	4610854	0	0.035
2AR.000	2	83	0	644634	0	0.035
2AR.000+2T.W000	1	83	0	456	0	0.035
2AR.000+2T.W000	2	83	0	4402	0	0.035
2ARG003	2	83	0	1156	0	0.035
2ARG005	1	83	0	36310	0	0.035
2ARG005	2	83	0	3983	0	0.035
2ARG006	2	83	0	42736	0	0.035
2ARG010	1	83	0	10032	0	0.035
2ARG010	2	83	0	1979	0	0.035
2ARG012	1	83	0	2316	0	0.035
2ARG015	1	83	0	13808	0	0.035
2ARG020	1	83	0	91734	0	0.035
2ARG020	2	83	0	3127	0	0.035
2ARS230	1	83	0	34594	0	0.035
2ARS961	1	83	0	198076	0	0.035
2ARS961	2	83	0	91731	0	0.035
2ARS962	1	83	0	94456	0	0.035
2ARS963	1	83	0	312	0	0.035
2ARS963	2	83	0	4283	0	0.035
2A..000	1	84	85	10297	0	0.035
2AR.000	1	84	0	3759294	0	0.035
2AR.000	2	84	0	605651	0	0.035
2AR.000+2T.W000	1	84	0	4800	0	0.035
2AR.000+2T.W000	2	84	0	3250	0	0.035
2ARG003	1	84	0	2103	0	0.035
2ARG003	2	84	0	1200	0	0.035
2ARG005	1	84	0	98228	0	0.035
2ARG006	2	84	0	60160	0	0.035
2ARG010	1	84	0	2440	0	0.035
2ARG010	2	84	0	4368	0	0.035
2ARG015	1	84	0	16236	0	0.035
2ARG020	1	84	0	55213	0	0.035
2ARS250	1	84	0	8296	0	0.035
2ARS961	1	84	0	61450	0	0.035
2ARS961	2	84	0	70589	0	0.035
2ARS962	1	84	0	64837	0	0.035
2ARS962	2	84	0	11253	0	0.035
2ARS963	2	84	0	2272	0	0.035
2A..000	1	85	85	13775	0	0.035
2A..000	1	85	86	1941	0	0.035
2AR.000	1	85	0	2872274	0	0.035
2AR.000	2	85	0	410436	0	0.035
2AR.000+2T.W000	1	85	0	4800	0	0.035
2AR.000+2T.W000	2	85	0	3742	0	0.035
2ARG004	1	85	0	3692	0	0.035
2ARG005	1	85	0	29303	0	0.035
2ARG006	2	85	0	33325	0	0.035
2ARG010	1	85	0	32067	0	0.035
2ARG015	1	85	0	15141	0	0.035
2ARG020	1	85	0	118932	0	0.035
2ARS961	1	85	0	29099	0	0.035
2ARS961	2	85	0	75559	0	0.035
2ARS962	1	85	0	8079	0	0.035
2ARS962	2	85	0	9856	0	0.035
2ARS963	2	85	0	2658	0	0.035
2AR.000	1	86	0	2000926	0	0.035
2AR.000	2	86	0	344848	0	0.035
2AR.000+2T.W000	1	86	0	23187	0	0.035
2AR.000+2T.W000	2	86	0	16461	0	0.035
2ARG005	1	86	0	20930	0	0.035
2ARG005	2	86	0	1038	0	0.035
2ARG006	2	86	0	15066	0	0.035
2ARG010	1	86	0	42498	0	0.035
2ARG015	1	86	0	32533	0	0.035
2ARG020	1	86	0	111576	0	0.035
2ARS961	1	86	0	18806	0	0.035
2ARS961	2	86	0	76124	0	0.035
2ARS962	1	86	0	5381	0	0.035
2ARS962	2	86	0	274	0	0.035
2ARS963	2	86	0	5655	0	0.035
2AR.000	1	87	0	2117099	0	0.035
2AR.000	2	87	0	527759	0	0.035
2AR.000+2T.W000	1	87	0	16307	0	0.035
2AR.000+2T.W000	2	87	0	8811	0	0.035
2ARG005	1	87	0	15945	0	0.035
2ARG006	2	87	0	27987	0	0.035
2ARG015	1	87	0	13093	0	0.035
2ARG020	1	87	0	84666	0	0.035
2ARS293	1	87	0	64277	0	0.035
2ARS961	1	87	0	208528	0	0.035
2ARS961	2	87	0	74605	0	0.035
2ARS962	1	87	0	2674	0	0.035
2ARS963	2	87	0	4013	0	0.035
2AR.000	1	88	0	1395706	0	0.035
2AR.000	2	88	0	261041	0	0.035
2AR.000+2T.W000	2	88	0	5796	0	0.035
2ARG005	1	88	0	28607	0	0.035
2ARG005	2	88	0	2759	0	0.035
2ARG006	2	88	0	27436	0	0.035
2ARG010	1	88	0	22088	0	0.035
2ARG015	1	88	0	20032	0	0.035
2ARG020	1	88	0	90813	0	0.035
2ARS250	2	88	0	7164	0	0.035
2ARS961	1	88	0	27824	0	0.035
2ARS961	2	88	0	53348	0	0.035
2ARS962	1	88	0	172	0	0.035
2ARS962	2	88	0	629	0	0.035
2ARS963	2	88	0	1520	0	0.035
2AR.000	1	89	0	1153685	0	0.035
2AR.000	2	89	0	399688	0	0.035
2AR.000+2T.W000	2	89	0	8629	0	0.035
2ARG005	1	89	0	6942	0	0.035
2ARG005	2	89	0	1153	0	0.035
2ARG006	2	89	0	5650	0	0.035
2ARG015	1	89	0	6536	0	0.035
2ARG020	1	89	0	47163	0	0.035
2ARS961	1	89	0	59746	0	0.035
2ARS961	2	89	0	63774	0	0.035
2ARS962	1	89	0	1410	0	0.035
2ARS962	2	89	0	8637	0	0.035
2ARS963	2	89	0	4605	0	0.035
2AR.000	1	90	0	1237008	0	0.035
2AR.000	2	90	0	279254	0	0.035
2AR.000+2T.W000	1	90	0	11016	0	0.035
2AR.000+2T.W000	2	90	0	15692	0	0.035
2ARG005	1	90	0	64273	0	0.035
2ARG006	2	90	0	14967	0	0.035
2ARG015	1	90	0	6165	0	0.035
2ARG020	1	90	0	37097	0	0.035
2ARS961	1	90	0	20592	0	0.035
2ARS961	2	90	0	19462	0	0.035
2ARS962	1	90	0	20772	0	0.035
2ARS962	2	90	0	12412	0	0.035
2ARS963	2	90	0	6850	0	0.035
2AR.000	1	91	0	799985	0	0.035
2AR.000	2	91	0	214914	0	0.035
2AR.000+2T.W000	2	91	0	11690	0	0.035
2ARG005	1	91	0	4159	0	0.035
2ARG006	2	91	0	7268	0	0.035
2ARG015	1	91	0	8241	0	0.035
2ARG020	1	91	0	45417	0	0.035
2ARS961	1	91	0	46899	0	0.035
2ARS961	2	91	0	139487	0	0.035
2ARS962	1	91	0	614	0	0.035
2ARS963	2	91	0	8047	0	0.035
2AR.000	1	92	0	635213	0	0.035
2AR.000	2	92	0	116496	0	0.035
2ARG004	1	92	0	5560	0	0.035
2ARG006	2	92	0	31484	0	0.035
2ARG010	1	92	0	22980	0	0.035
2ARG010	2	92	0	1508	0	0.035
2ARG015	1	92	0	8315	0	0.035
2ARG020	1	92	0	27838	0	0.035
2ARS961	1	92	0	30839	0	0.035
2ARS961	2	92	0	20979	0	0.035
2ARS962	1	92	0	3428	0	0.035
2ARS963	2	92	0	4521	0	0.035
2AR.000	1	93	0	653174	0	0.035
2AR.000	2	93	0	160716	0	0.035
2AR.000+2T.W000	1	93	0	1108	0	0.035
2ARG006	2	93	0	8094	0	0.035
2ARG010	1	93	0	1168	0	0.035
2ARG015	1	93	0	13628	0	0.035
2ARG020	1	93	0	2400	0	0.035
2ARS961	1	93	0	38456	0	0.035
2ARS961	2	93	0	24051	0	0.035
2ARS962	1	93	0	745	0	0.035
2ARS962	2	93	0	27802	0	0.035
2ARS963	2	93	0	3131	0	0.035
2AR.000	1	94	0	458616	0	0.035
2AR.000	2	94	0	108689	0	0.035
2AR.000+2T.W000	2	94	0	1032	0	0.035
2ARG005	1	94	0	4417	0	0.035
2ARG006	2	94	0	10396	0	0.035
2ARG010	2	94	0	252	0	0.035
2ARG015	1	94	0	5092	0	0.035
2ARG020	1	94	0	9572	0	0.035
2ARS961	1	94	0	65530	0	0.035
2ARS961	2	94	0	11158	0	0.035
2AR.000	1	95	0	113422	0	0.035
2AR.000	2	95	0	54596	0	0.035
2AR.000+2T.W000	2	95	0	1200	0	0.035
2ARG003	2	95	0	1787	0	0.035
2ARG006	2	95	0	2938	0	0.035
2ARG015	1	95	0	340	0	0.035
2ARG020	1	95	0	6512	0	0.035
2ARS961	1	95	0	636	0	0.035
2ARS961	2	95	0	43101	0	0.035
2ARS962	1	95	0	1236	0	0.035
2AR.000	1	96	0	156047	0	0.035
2AR.000	2	96	0	98554	0	0.035
2AR.000+2T.W000	2	96	0	1989	0	0.035
2ARG006	2	96	0	1015	0	0.035
2ARG015	1	96	0	9504	0	0.035
2ARG020	1	96	0	2156	0	0.035
2ARS961	1	96	0	6602	0	0.035
2ARS961	2	96	0	843	0	0.035
2ARS962	1	96	0	4282	0	0.035
2AR.000	1	97	0	113736	0	0.035
2AR.000	2	97	0	29181	0	0.035
2AR.000+2T.W000	2	97	0	4536	0	0.035
2ARG015	1	97	0	3576	0	0.035
2ARG020	1	97	0	1440	0	0.035
2ARS961	1	97	0	588	0	0.035
2ARS961	2	97	0	888	0	0.035
2ARS962	1	97	0	1929	0	0.035
2AR.000	1	98	0	50725	0	0.035
2AR.000	2	98	0	30335	0	0.035
2ARS961	2	98	0	7180	0	0.035
